24,10
24,9
24,8
24,7
24,6
24,5
51,9
19,166
19,165
19,164
19,163
19,162
19,161
19,160
19,159
19,158
19,157
19,156
19,155
19,154
19,153
19,152
19,151
19,150
19,149
19,148
19,147
19,146
19,145
19,144
19,143
19,142
19,141
19,140
19,139
19,138
19,137
19,136
19,135
19,134
19,133
19,132
19,131
19,130
19,129
19,128
17,163
17,162
17,161
17,160
17,159
17,158
17,157
17,156
17,155
17,154
17,153
17,152
17,151
17,150
17,149
17,148
17,147
17,146
17,145
17,144
17,143
17,142
17,141
17,140
17,139
17,138
17,137
17,136
17,135
17,134
17,133
17,123
17,122
17,121
17,120
17,119
17,118
17,117
17,116
17,115
17,114
17,113
17,112
17,110
17,109
17,108
17,107
17,106
17,105
17,104
17,103
17,102
17,101
17,100
17,99
17,98
17,97
17,96
17,95
17,94
17,93
17,92
17,90
17,87
17,84
17,82
17,81
17,66
17,65
17,12
17,10
17,9
17,5
17,3
17,2
17,0
9,5
9,4
9,3
5,17
5,16
5,15
5,7
5,6
5,5
5,4
4,3
3,44
3,43
3,42
3,41
3,40
3,39
3,38
3,37
3,36
3,35
3,34
3,33
3,32
3,31
3,30
3,29
3,28
3,27
3,26
3,25
3,24
3,23
3,22
3,21
3,20
3,19
17,332
18,0
18,3
18,13
18,20
18,23
18,24
18,27
19,2
19,3
19,5
19,6
19,9
19,11
19,13
19,17
19,18
19,22
19,30
19,31
19,65
19,66
19,76
19,77
19,79
19,80
19,84
19,86
19,87
19,99
19,100
20,4
20,5
20,7
20,9
20,10
20,12
20,13
21,4
23,3
23,5
24,3
24,4
46,4
46,5
50,3
50,6
51,0
51,3
51,4
52,3
52,5
54,3
54,5
54,6
54,8
54,10
55,3
55,5
55,6
56,3
56,5
57,3
57,5
16,0
16,2
16,3
17,1
17,4
17,8
17,88
17,276
17,278
17,279
17,281
17,282
17,284
17,286
17,287
17,289
17,290
17,292
17,293
17,295
17,297
17,298
17,300
17,301
17,303
17,305
17,306
17,361
17,362
18,2
18,4
18,7
18,9
18,10
18,12
18,14
18,16
18,18
18,19
18,25
19,1
19,14
19,19
19,21
19,27
19,82
19,88
19,89
20,1
21,0
21,1
22,0
22,1
22,3
23,0
23,1
23,6
24,0
24,2
25,0
25,2
25,4
25,5
26,1
26,2
26,4
27,1
27,2
27,4
27,5
27,7
28,0
28,2
28,4
29,0
29,2
29,3
29,5
30,1
30,2
30,4
30,5
30,7
31,0
31,2
31,4
31,5
32,1
32,2
33,0
33,2
33,3
33,5
34,0
34,2
35,0
35,1
35,3
35,4
36,1
36,2
36,4
37,0
37,1
37,3
37,4
38,1
38,3
38,4
39,1
39,2
39,4
39,5
40,1
40,3
40,4
40,6
40,7
40,9
41,0
41,1
41,3
41,4
42,1
42,2
43,0
43,2
43,3
44,0
44,1
44,3
45,0
45,1
45,3
45,4
46,1
47,0
47,1
47,3
47,4
47,6
47,7
48,1
48,3
48,4
49,0
49,1
49,3
49,5
50,0
50,2
50,5
52,0
52,1
54,0
54,2
55,0
55,2
56,0
56,2
57,1
57,2
58,1
58,2
59,0
59,1
59,3
59,5
59,6
59,8
59,9
59,11
60,0
60,1
60,3
60,4
60,6
61,0
61,2
62,1
62,2
62,3
62,0
61,1
60,5
60,2
59,12
59,10
59,7
59,4
59,2
58,3
58,0
57,0
56,1
55,1
54,1
52,2
51,1
50,1
49,4
49,2
48,5
48,2
48,0
47,5
47,2
46,2
46,0
45,2
44,4
44,2
43,4
43,1
42,3
42,0
41,2
40,10
40,8
40,5
40,2
40,0
39,3
39,0
38,2
38,0
37,2
36,5
36,3
36,0
35,2
34,3
34,1
33,4
33,1
32,3
32,0
31,3
31,1
30,6
30,3
30,0
29,4
29,1
28,3
28,1
27,6
27,3
27,0
26,3
26,0
25,3
25,1
24,1
23,2
22,4
22,2
21,2
20,2
20,0
19,83
19,24
19,15
19,12
18,21
18,17
18,15
18,11
18,8
18,5
18,1
17,312
17,304
17,302
17,299
17,296
17,294
17,291
17,288
17,285
17,283
17,280
17,277
17,89
17,7
16,4
16,1
15,9
15,8
15,7
15,6
15,5
15,4
15,3
15,2
15,1
15,0
14,5
14,4
14,3
14,2
14,1
14,0
13,4
13,3
13,2
13,1
13,0
12,5
12,4
12,3
12,2
12,1
12,0
11,5
11,4
11,3
11,2
11,1
11,0
10,5
10,4
10,3
10,2
10,1
10,0
9,2
9,1
9,0
8,6
8,5
8,4
8,3
8,2
8,1
8,0
7,3
5,14
5,13
5,12
5,11
5,10
5,9
5,8
5,3
5,2
5,0
0,52
0,51
0,9
0,2
61,3
0,8
0,10
0,12
0,48
0,49
0,47
0,0
0,6
0,46
0,45
0,50
0,11
57,4
56,4
55,7
55,4
54,9
54,7
54,4
52,4
51,8
51,2
50,4
46,6
46,3
23,7
23,4
21,3
20,11
20,8
20,6
20,3
19,101
19,95
19,93
19,90
19,81
19,78
19,75
19,64
19,25
19,20
19,16
19,10
19,7
19,4
19,0
18,26
18,22
18,6
3,18
3,17
3,16
3,15
3,14
3,13
3,12
3,11
3,10
3,9
3,8
3,7
3,6
3,5
3,4
3,3
3,2
3,0
2,44
2,43
2,42
2,41
2,40
2,39
2,38
2,37
2,36
2,35
2,34
2,33
2,32
2,31
2,30
2,29
2,28
2,27
2,26
2,25
2,24
2,23
2,22
2,21
2,20
2,19
2,18
2,17
2,16
2,15
2,14
2,13
2,12
2,11
2,10
2,9
2,8
2,7
2,6
2,5
2,4
2,3
2,2
2,0
1,45
1,44
1,43
1,42
1,41
1,40
1,39
1,38
1,37
1,36
1,35
1,34
1,33
1,32
1,31
1,30
1,29
1,28
1,27
1,26
1,25
1,24
1,23
1,22
1,21
1,20
1,19
1,18
1,17
1,16
1,15
1,14
1,13
1,12
1,11
1,10
1,9
1,8
1,7
1,6
1,5
1,4
1,3
1,2
1,0
0,5
0,7
0,4
0,3
